0.054054 0.162162 0.135135 0.135135 0.189189 0.081081 0.135135 0.054054 0.000000 0.054054 
0.053571 0.035714 0.107143 0.160714 0.053571 0.160714 0.089286 0.089286 0.089286 0.160714 
0.100000 0.066667 0.133333 0.000000 0.300000 0.166667 0.100000 0.033333 0.000000 0.100000 
0.191489 0.063830 0.191489 0.127660 0.170213 0.127660 0.000000 0.106383 0.021277 0.000000 
0.148936 0.085106 0.106383 0.127660 0.106383 0.170213 0.106383 0.000000 0.106383 0.042553 
0.163636 0.163636 0.109091 0.090909 0.018182 0.109091 0.036364 0.109091 0.163636 0.036364 
0.000000 0.183673 0.142857 0.020408 0.142857 0.142857 0.163265 0.142857 0.040816 0.020408 
0.000000 0.057143 0.142857 0.142857 0.000000 0.057143 0.085714 0.200000 0.057143 0.257143 
0.033333 0.100000 0.000000 0.266667 0.000000 0.100000 0.200000 0.066667 0.066667 0.166667 
0.105263 0.052632 0.157895 0.105263 0.078947 0.105263 0.078947 0.078947 0.026316 0.210526 
